Date,BTS.BK_forecast,Forcast,Actuals
2020-01-02,,,
2020-01-03,,,
2020-01-06,,,
2020-01-07,,,
2020-01-08,,,
2020-01-09,,,
2020-01-10,12.577897578189441,12.671278100899022,12.652558190482003
2020-01-13,12.593285756004102,12.660808220738378,12.666061673845563
2020-01-14,12.612126858200876,12.654535257142077,12.67956474849156
2020-01-15,12.620593261744412,12.665429907517408,12.720074244907924
2020-01-16,12.62809320041708,12.659510256535338,12.733577592032296
2020-01-17,12.629851726496463,12.651083228916315,12.78759070805141
2020-01-20,12.6286625927597,12.648947451678689,12.78759070805141
2020-01-21,12.635859775945537,12.630651125650859,12.78759070805141
2020-01-22,12.637829927861588,12.6292903503164,12.78759070805141
2020-01-23,12.652183607460172,12.62232169380882,12.814597538539342
2020-01-24,12.671131488181695,12.623783940923627,12.85510744367327
2020-01-27,12.684044992531668,12.612762276899636,12.82482487814767
2020-01-28,12.702510572998538,12.60385462486362,12.740169933864049
2020-01-29,12.720583756527905,12.596667818936004,12.627789224897112
2020-01-30,12.735819968644396,12.58650692581267,12.55609825679234
2020-01-31,12.671429089420474,12.579108032931813,12.443537712097168
2020-02-03,12.590038091742025,12.547652973641249,12.317473820277623
2020-02-04,12.513258661112625,12.51919486002777,12.232639040265765
2020-02-05,12.44268031616179,12.478113796077945,12.17790699005127
2020-02-06,12.374529862798768,12.437407710607298,12.150541033063616
2020-02-07,12.29671769882109,12.393761030585377,12.218956129891533
2020-02-11,12.21336818186442,12.355243098090105,12.246322223118373
2020-02-12,12.24190721388599,12.309637247445322,12.314737456185478
2020-02-13,12.263465575888006,12.281656478553684,12.355786732264928
2020-02-14,12.282810985060722,12.248924425232117,12.328420639038086
2020-02-17,12.300281111654098,12.230331932793487,12.342103549412318
2020-02-18,12.311257235792757,12.18546123078652,12.342103549412318
2020-02-19,12.34457027693018,12.14724175055019,12.314737456185478
2020-02-20,12.37834079468747,12.077773533663835,12.273688452584404
2020-02-21,12.335394198421339,12.030839903405525,12.260005405970983
2020-02-24,12.303711273163136,11.97026651792868,12.177907126290458
2020-02-25,12.270323653197966,11.8854256741665,12.109492029462542
2020-02-26,12.233070407208126,11.826355979225033,11.917929513113839
2020-02-27,12.190145744596594,11.741936924136493,11.75373295375279
2020-02-28,12.14225592056303,11.654255665602262,11.480072157723564
2020-03-02,12.090239968917368,11.558532495167752,11.233777454921178
2020-03-03,11.841195811867099,11.459799558429646,11.042214938572474
2020-03-04,11.586852165486373,11.321890563702198,10.946433612278529
2020-03-05,11.326444290262312,11.136167589029565,10.864335332598005
2020-03-06,11.070382276731385,10.997632271912563,10.850652149745397
2020-03-09,10.813951794226066,10.83758135951314,10.768553870064872
2020-03-10,10.549205048097887,10.66464800332146,10.823286056518555
2020-03-11,10.278240471836767,10.511488724285867,10.836968966892787
2020-03-12,10.297085783396126,10.327142426499956,10.590674127851214
2020-03-13,10.301492244704983,10.09810322593826,10.364903994968959
2020-03-16,10.3242996938623,9.818047572191363,9.954412732805524
2020-03-17,10.34319321114363,9.58288299431526,9.571287700108119
2020-03-18,10.36646875661155,9.3810411130424,9.263419287545341
2020-03-19,10.386943863585941,9.148392260118184,8.92134325844901
2020-03-20,10.405676894366666,9.011710666455636,8.722939082554408
2020-03-23,10.207196360593686,8.782683193288731,8.558742659432548
2020-03-24,10.032585080033176,8.616821257386096,8.339813913617816
2020-03-25,9.865068839190572,8.532080692787842,8.339813913617816
2020-03-26,9.669284239943996,8.429134937933135,8.380863053458077
2020-03-27,9.467860205289355,8.370136601207426,8.408229146684919
2020-03-30,9.260892803578225,8.339392241918086,8.41507066999163
2020-03-31,9.023099983707635,8.28034679684381,8.367180143083845
2020-04-01,8.98303639850697,8.273649559956331,8.421912329537529
2020-04-02,8.925941959506114,8.347717201448551,8.504010609218053
2020-04-03,8.857098062405472,8.503619398863915,8.531376702444893
2020-04-07,8.822613479781909,8.60810829998054,8.695573261805944
2020-04-08,8.796642151728395,8.719948786860053,8.81872068132673
2020-04-09,8.785775692619195,8.885849284026913,8.98975876399449
2020-04-10,8.811973936038209,8.963251282258192,9.15395518711635
2020-04-13,8.971663078447508,9.12910616184701,9.427615983145577
2020-04-14,9.168877136390895,9.374876776924964,9.77653339930943
2020-04-15,9.327923157276109,9.616666736549279,10.077560288565499
2020-04-16,9.501086603363126,9.82998953855227,10.159658432006836
2020-04-17,9.68127944144852,10.012623537314122,10.344379425048828
2020-04-20,9.842315078927088,10.215272422364063,10.53594194139753
2020-04-21,10.005426770667759,10.383217660381872,10.623887062072754
2020-04-22,10.119516281483687,10.57419122822533,10.657461711338588
2020-04-23,10.216427553736153,10.695622040656223,10.622621263776507
2020-04-24,10.369843063335722,10.763042137611771,10.62864889417376
2020-04-27,10.502514164744056,10.84039036871948,10.703453472682408
2020-04-28,10.62622830119861,10.908687933205552,10.737570762634277
2020-04-29,10.795162161428067,10.944232971121524,10.716774940490723
2020-04-30,10.9656016996485,11.05195445904276,10.813822201320104
2020-05-05,11.007448179935864,11.093582337620848,10.8554139818464
2020-05-07,11.064300131649293,11.131497203746743,10.938597406659808
2020-05-08,11.119969560354152,11.15474577007116,11.049508503505162
2020-05-11,11.190896802548822,11.18678640402362,11.146555764334542
2020-05-12,11.262836924913682,11.211672929615291,11.2158750806536
2020-05-13,11.302142093854567,11.222845658385731,11.299058369227819
2020-05-14,11.347978802712268,11.249018222016252,11.31292234148298
2020-05-15,11.380339661946326,11.266086948209779,11.368377685546875
2020-05-18,11.38438663438196,11.275253994317,11.382241385323661
2020-05-19,11.361508772919617,11.289458055871282,11.42383302961077
2020-05-20,11.327388218636859,11.304584804995326,11.437696865626744
2020-05-21,11.28395610049605,11.317080642298313,11.451560701642718
2020-05-22,11.248221136602675,11.329115334585826,11.437696729387556
2020-05-25,11.213509128900958,11.326697304795621,11.493152073451451
2020-05-26,11.262899245619934,11.338286952389321,11.53474371773856
2020-05-27,11.327401274507869,11.351694544944891,11.562471526009697
2020-05-28,11.387177581987162,11.376304284142577,11.576335498264857
2020-05-29,11.44546676017132,11.395660548013089,11.604063306535993
2020-06-01,11.515306473583475,11.41755917193552,11.631791114807129
2020-06-02,11.583436218305563,11.44343427715412,11.659518923078265
2020-06-04,11.657405435531347,11.450064131213907,11.631791251046318
2020-06-05,11.64626259814296,11.472810208486976,11.631791251046318
2020-06-08,11.633817077779767,11.474653794701865,11.645655087062291
2020-06-09,11.615979672012909,11.476474224281278,11.617927278791155
2020-06-10,11.620668609562413,11.475978493389643,11.576335634504046
2020-06-11,11.630613945845429,11.481302730624362,11.520880017961774
2020-06-12,11.636051170045096,11.484352151423902,11.493152209690638
2020-06-15,11.63315580919439,11.488042305394728,11.423832893371582
2020-06-16,11.55825032420151,11.487669413994283,11.368377549307686
2020-06-17,11.470976365931511,11.461528852237679,11.29905823298863
2020-06-18,11.39518946632343,11.427197798451889,11.271330424717494
2020-06-19,11.295605657085753,11.398166235110114,11.243602752685547
2020-06-22,11.183236773469622,11.369918220755844,11.2158750806536
2020-06-23,11.075192754151702,11.337993469365463,11.188147408621651
2020-06-24,10.948908466758239,11.307837666279065,11.202011108398438
2020-06-25,10.956340779579113,11.268999814429305,11.146555491856166
2020-06-26,10.953907043434059,11.224895070317658,11.104963847569056
2020-06-29,10.952197418927884,11.1733818923938,11.049508503505162
2020-06-30,10.949805186693956,11.131805495091143,11.007916859218053
2020-07-01,10.945446722310995,11.085509218924264,10.966325214930944
2020-07-02,10.934554886906644,11.038920950504052,10.980189187186104
2020-07-03,10.937013513326523,10.986006746441578,11.007917131696429
2020-07-07,10.966839980745274,10.932040257158448,11.035644803728376
2020-07-08,10.997807998250881,10.9041081867706,11.049508775983538
2020-07-09,11.030354961475778,10.879549034386034,11.049508775983538
2020-07-10,11.0703024009622,10.859289264193174,11.035644803728376
2020-07-13,11.107265021033466,10.835591777171578,11.021780831473214
2020-07-14,11.147055249685538,10.817012602282963,10.924733434404645
2020-07-15,11.193087536750985,10.784882720868458,10.84155000959124
2020-07-16,11.118555787844455,10.762645791421745,10.772230557032994
2020-07-17,11.051646221033154,10.721456994455371,10.730638776506696
2020-07-20,10.984955135544864,10.676138862521752,10.661319187709264
2020-07-21,10.922992232775568,10.636738692030276,10.619727407182966
2020-07-22,10.874567211520768,10.600324733668115,10.578135762895856
2020-07-23,10.805906394032803,10.562898641504745,10.55040809086391
2020-07-24,10.732472391738744,10.530984623662139,10.481088638305664
2020-07-29,10.65896609954398,10.490664846526656,10.460795402526855
2020-07-30,10.582757780739298,10.451023866903176,10.412573269435338
2020-07-31,10.497081520791667,10.409886451827536,10.392078944614955
2020-08-03,10.405872586687993,10.372807411042194,10.329591206141881
2020-08-04,10.305982719865925,10.340460374054668,10.280967303684779
2020-08-05,10.228331298395194,10.307336745008753,10.246207237243652
2020-08-06,10.149443869407023,10.282819930507074,10.239174979073661
2020-08-07,10.13309557347426,10.249768951678037,10.168850898742676
2020-08-10,10.125125320302763,10.2376340796113,10.0914945602417
2020-08-11,10.122664578227434,10.238523175151915,10.105559485299247
2020-08-13,10.115056115101899,10.235809873413226,10.189948218209404
2020-08-14,10.109280562689856,10.234324569047645,10.232142720903669
2020-08-17,10.10092555286791,10.240843509780435,10.246207509722028
2020-08-18,10.09434690549162,10.237513625352948,10.288402012416295
2020-08-19,10.137833387248183,10.247225299624997,10.316531590053014
2020-08-20,10.184708515014984,10.262497547952197,10.365758350917272
2020-08-21,10.218863611172278,10.28061647228765,10.337628637041364
2020-08-24,10.263167961274222,10.294271930289039,10.267304692949567
2020-08-25,10.323306612701277,10.308899171902782,10.239174979073661
2020-08-26,10.372522430268331,10.324792276460949,10.28136934552874
2020-08-27,10.425910463530311,10.345953465897423,10.267304420471191
2020-08-28,10.44450124611817,10.36493425436525,10.309498923165458
2020-08-29,10.436565240050474,10.36912232569115,
2020-08-30,10.434698516940504,10.373265872670729,
2020-08-31,10.420924581738708,10.377188189304519,
2020-09-01,10.386669729251574,10.380302309544806,
2020-09-02,10.359476337481142,10.3834476365814,
2020-09-03,10.322148220919837,10.387358523974504,
2020-09-04,10.273103653730468,10.391417494573009,
