Date,PTTEP.BK_forecast,Forcast,Actuals
2020-01-02,,,
2020-01-03,,,
2020-01-06,,,
2020-01-07,,,
2020-01-08,,,
2020-01-09,,,
2020-01-10,116.11756141029802,122.05038755768328,122.88480159214565
2020-01-13,117.04516712277778,123.26823942072431,123.41763632638114
2020-01-14,118.04156927885847,123.37816374502394,123.68405260358539
2020-01-15,118.98234119349345,123.50790642900549,123.35103062220982
2020-01-16,119.9188392024442,123.42127728944148,123.15121786934989
2020-01-17,120.82925558664239,123.11932988199207,122.88480050223214
2020-01-20,121.78146075651817,122.76819430911148,122.75159127371651
2020-01-21,122.75541821886483,122.4606812403212,122.75159127371651
2020-01-22,122.70016760656172,122.04928557318532,122.6849866594587
2020-01-23,122.57381695656554,121.6768696379721,122.28536115373883
2020-01-24,122.50717748245827,121.14796459403442,121.95234026227679
2020-01-27,122.41683347648741,120.61071699747117,120.75346374511719
2020-01-28,122.37785541799455,119.7186614601191,119.68779536655971
2020-01-29,122.25573175737195,118.80405635938327,118.95514787946429
2020-01-30,122.06446826020574,117.97694572103033,118.22250039236886
2020-01-31,121.29701360297305,117.01420326926849,117.35664476667132
2020-02-03,120.52157214581077,116.73987126438753,116.82381112234933
2020-02-04,119.78749803683432,116.3654030429534,116.29097638811383
2020-02-05,119.02586867436854,116.17982739149322,116.55739266531808
2020-02-06,118.18817263209293,115.96254455754595,116.75720650809151
2020-02-07,117.3958065363547,115.79900311353516,116.49079023088727
2020-02-11,116.62468298811721,115.66287513297668,116.42418670654297
2020-02-12,116.62088651515187,115.55173460522201,116.82381221226284
2020-02-13,116.56321533861471,115.85850205266044,117.19114467075893
2020-02-14,116.52854541624683,116.34902404450726,117.62508174351284
2020-02-17,116.55241237636287,116.7742520842221,118.05901881626674
2020-02-18,116.66998637354074,117.38245615193384,118.29112461635044
2020-02-19,116.81998785218973,118.04824302154677,118.862306867327
2020-02-20,116.9029515773213,118.6957594267842,119.4375250680106
2020-02-21,117.55981615092064,119.39887944783446,119.67770385742188
2020-02-24,118.228002218032,118.63177488077625,119.12872423444476
2020-02-25,118.8192499911291,117.8440277500418,118.44249943324498
2020-02-26,119.39824632926295,116.82274579839421,117.00142669677734
2020-02-27,119.95948575277781,115.25954880672101,115.83484431675502
2020-02-28,120.44910383544818,113.58793335347842,113.22718811035156
2020-03-02,120.97615516767031,112.02728847018236,110.6195319039481
2020-03-03,118.53357514949836,110.13767654294861,108.76672472272601
2020-03-04,116.08264764901904,107.43075487763157,107.39427294049945
2020-03-05,113.67970340539284,104.5543222287306,106.09044429234096
2020-03-06,111.30018092715713,101.68666799199544,105.12972913469586
2020-03-09,108.93137738779858,98.09639016197382,99.6056147984096
2020-03-10,106.5979937826517,94.39275915456086,94.73341478620257
2020-03-11,104.33134906332057,90.8874040328844,89.96414838518415
2020-03-12,99.4689645659058,87.02908674876562,82.8274040222168
2020-03-13,94.74939205426077,82.61937973369302,76.82293319702148
2020-03-16,89.95182040073387,77.85551034337706,69.7891229901995
2020-03-17,85.20979788494817,73.26805601572505,63.13273675101145
2020-03-18,80.32070683122184,68.53982522439908,60.69663619995118
2020-03-19,75.30175590655836,63.86758182458171,58.56933702741351
2020-03-20,70.19231966012208,59.789043309625676,57.33413096836636
2020-03-23,68.64868143723233,55.36687637696247,56.71652766636441
2020-03-24,66.87570251427208,55.01496959768364,55.75581141880581
2020-03-25,65.10772947491454,55.42029110068169,56.85377284458706
2020-03-26,63.29753143875986,56.42851165771065,58.123289925711504
2020-03-27,61.521087892935995,58.700025632981514,59.15262767246792
2020-03-30,59.921749218003605,60.65017680560167,60.25058855329242
2020-03-31,58.29668609091444,62.28220373988032,60.833881378173835
2020-04-01,58.940768713627435,64.25180320276142,62.412200382777634
2020-04-02,59.77061553980927,65.56440288883616,64.60812214442663
2020-04-03,60.8174232614199,67.09506255464215,66.3579957144601
2020-04-07,61.81571119477544,68.49301943797478,69.03427396501813
2020-04-08,62.734284999145416,70.28658098918822,71.53899710518974
2020-04-09,63.602730632342954,72.3550817332585,73.83785247802734
2020-04-10,64.56352064292889,74.06811389409215,75.51910400390625
2020-04-13,66.20546389897338,76.13807572706148,77.2346670968192
2020-04-14,67.80032234460158,76.6293488227701,77.95520346505302
2020-04-15,69.22530619676068,76.9114426910988,77.8522698538644
2020-04-16,70.78952909923203,76.58411674513653,76.10239519391742
2020-04-17,72.55346255271049,76.09310726678086,75.24461255754743
2020-04-20,74.35811265645383,75.68878220996443,75.14167785644531
2020-04-21,76.0291640641224,75.23453798639146,74.66131918770927
2020-04-22,76.43638325542402,74.82186809257031,74.00940595354352
2020-04-23,76.0183550761062,74.79788759409219,73.39180210658482
2020-04-24,76.10615653961047,74.4020371270157,73.1173117501395
2020-04-27,75.72264013989816,74.082566704046,73.52904619489398
2020-04-28,74.6565892848899,73.7323224959065,73.59766823904855
2020-04-29,73.92483644033281,73.37975553105571,73.49473462785993
2020-04-30,72.98823864452649,73.00750635551984,74.62700653076172
2020-05-05,73.29998034603184,72.79253165825737,75.89652361188617
2020-05-07,73.21957101243954,73.71168175973357,76.78861781529018
2020-05-08,73.09282094890646,74.60997136776339,77.71502358572823
2020-05-11,73.74992727398498,75.74695895044248,78.53849574497768
2020-05-12,75.23643431216168,76.98824123346432,79.49921308244977
2020-05-13,76.00810588528068,78.38234939481897,80.2197505405971
2020-05-14,77.07159113408943,79.55424457516268,79.84232766287667
2020-05-15,76.98063142686927,81.05148834288359,79.7737045288086
2020-05-18,78.10361543608181,81.62764896749857,80.18543897356305
2020-05-19,78.78833840460864,82.1944984627319,80.87166377476284
2020-05-20,79.05140273928431,82.72313760493749,81.62651062011719
2020-05-21,79.11769215131855,83.19097205690039,82.31273542131696
2020-05-22,79.43430463345332,83.74181262310854,82.44997950962612
2020-05-25,79.68203436522363,84.23804190780304,82.9646475655692
2020-05-26,80.03289291168039,84.76765922115712,83.44500514439174
2020-05-27,80.47018513436026,84.72390422307659,83.5822503226144
2020-05-28,80.89864189165628,84.61900279163378,83.0675800868443
2020-05-29,81.32914989229097,84.45396279490602,82.44997841971261
2020-06-01,81.83298303665701,84.13911595531916,82.14117649623326
2020-06-02,82.34575582609321,83.82077401564545,82.75878034319196
2020-06-04,82.87892847692301,83.5537730403061,83.7538070678711
2020-06-05,83.81617605392626,83.19585880076036,85.36643654959542
2020-06-08,84.66905304533907,84.31677623305326,87.42511313302177
2020-06-09,85.45876962357293,85.58912789990583,88.96912057059151
2020-06-10,86.22084796846639,87.03226523390342,90.65037209647042
2020-06-11,86.88093016019745,88.65087258291403,91.57677568708148
2020-06-12,87.63067594478458,90.28703812688374,91.85126604352679
2020-06-15,88.5125919718043,91.74406996857293,91.06210763113839
2020-06-16,87.85696982356038,93.33618674330448,90.41019330705915
2020-06-17,87.29058199410214,93.17912562604293,89.34654344831195
2020-06-18,86.74039296828515,92.90062417235251,89.14067622593471
2020-06-19,86.27524389138789,92.57750696652094,89.03774152483258
2020-06-22,85.92562312297149,92.05196818368651,89.34654344831195
2020-06-23,85.52342007604194,91.47362186510873,90.06707981654576
2020-06-24,84.96462194248156,90.98602296481165,90.85623822893415
2020-06-25,85.60021700163914,90.33481774413615,90.47881535121373
2020-06-26,86.12495464234902,90.1075640521111,90.30725860595703
2020-06-29,86.61987600159901,89.84638093356989,89.92983572823661
2020-06-30,87.13060007103978,89.65942094834983,89.41516767229352
2020-07-01,87.6288687250228,89.45550081862997,89.38085610525948
2020-07-02,88.1588021631455,89.24072166422204,89.3122329711914
2020-07-03,88.70190203152025,89.08922163954308,89.6553464617048
2020-07-07,89.19992346398108,88.89728719030401,90.23863656180245
2020-07-08,89.75793534095108,88.81879135423618,90.27294812883649
2020-07-09,90.29683423889448,88.85475205068516,90.44450269426618
2020-07-10,90.67852517055606,88.81703420980037,90.34156908307757
2020-07-13,91.03377133038326,88.76656405079484,89.82690102713448
2020-07-14,91.43879120229927,88.71004942458032,89.38085392543248
2020-07-15,91.9069185881889,88.70072184766885,89.38085392543248
2020-07-16,91.92870585239932,88.63244723763273,89.10636356898716
2020-07-17,91.99361150917922,88.77135759198583,89.27792031424386
2020-07-20,92.07654741344264,88.90998194207039,89.44947705950055
2020-07-21,92.22635007163994,89.1089997941521,90.20432499476841
2020-07-22,92.25816795883247,89.37647317909796,90.51312582833427
2020-07-23,92.17885332391599,89.67127687609536,90.95917293003627
2020-07-24,92.08863386056882,89.9652929191647,90.68468257359096
2020-07-29,91.71168952699163,90.27486832544413,90.4445048740932
2020-07-30,91.37042846731615,89.91725608082093,89.89552525111607
2020-07-31,91.02813901184368,89.52923098293233,89.51810237339565
2020-08-03,90.83539469693132,89.06186802682429,88.48876408168248
2020-08-04,90.70345226963069,88.49426925523247,87.87116132463727
2020-08-05,90.61079435789587,87.89747794571278,87.66529410226005
2020-08-06,90.56209989529957,87.36824212367537,87.63098253522601
2020-08-07,90.55911397393584,86.74912055116953,87.93978336879185
2020-08-10,90.37901881076405,87.02328990825559,88.52307455880302
2020-08-11,90.19494669901391,87.33490343760526,89.10636574881417
2020-08-13,89.84904080781139,87.76417756965591,90.1035875592913
2020-08-14,89.51001884742035,88.3574290052576,90.64872523716518
2020-08-17,89.24319745145324,88.97626731474988,90.54194859095982
2020-08-18,89.00694417982422,89.5218190863691,90.7810298374721
2020-08-19,89.22989061083884,90.17700826426777,90.70856475830078
2020-08-20,89.59810984424904,90.0041520358687,90.32290540422711
2020-08-21,89.98146489913469,89.81046957971037,89.62569972446987
2020-08-24,90.37936458950624,89.5025489776812,89.03307560511998
2020-08-25,90.74968828371964,89.0805565325827,88.92849513462612
2020-08-26,91.00972196620856,88.63336373054439,88.82391466413226
2020-08-27,91.15537006692327,88.229126393887,88.54503304617745
2020-08-28,90.71053226169774,87.74401563935109,88.19643075125558
2020-08-29,90.11609067543618,87.73859709202692,
2020-08-30,89.44858920849013,87.7200502177753,
2020-08-31,88.76995419843352,87.71334693562183,
2020-09-01,88.09290367694305,87.71061847317495,
2020-09-02,87.4486508059425,87.71395183921855,
2020-09-03,86.83785748184073,87.71450191771588,
2020-09-04,86.62789932559079,87.72252100225498,
