Date,SCC.BK_forecast,Forcast,Actuals
2020-01-02,,,
2020-01-03,,,
2020-01-06,,,
2020-01-07,,,
2020-01-08,,,
2020-01-09,,,
2020-01-10,377.8333517144994,367.15772270515896,363.1537344796317
2020-01-13,375.2169482418439,366.87366828202875,359.84732927594865
2020-01-14,372.83246517331526,365.9763505434291,357.3675231933594
2020-01-15,370.3845574585176,364.81341013186466,356.5409197126116
2020-01-16,368.11071733019065,363.7428910810013,355.301016671317
2020-01-17,365.6944010831132,362.6000215669475,356.1276201520647
2020-01-20,363.1953365338153,361.21927079441775,355.85208565848217
2020-01-21,360.66202182390015,359.8505048439386,354.4744175502232
2020-01-22,359.45889095612864,358.5755541065685,353.23451014927457
2020-01-23,357.8398021803021,357.1436232668423,352.8212105887277
2020-01-24,356.1453039982783,355.35492681294664,352.4079110281808
2020-01-27,354.1460151481306,353.6549318941746,350.2036394391741
2020-01-28,352.3687238544133,352.10033915672153,346.62169974190846
2020-01-29,350.6561067560932,350.22997680366643,344.6929626464844
2020-01-30,349.18629754946517,348.6217770220498,343.7285940987723
2020-01-31,348.34234698046913,347.1049308467017,343.590829031808
2020-02-03,347.6269197682228,345.46640395337556,342.7642255510603
2020-02-04,347.11945062149573,344.3188594064005,342.90199061802457
2020-02-05,346.6452908277386,342.45581261412036,344.0041285923549
2020-02-06,346.3116153282835,341.2730465999825,346.7594648088728
2020-02-07,346.0473731136943,339.5488915728051,347.9993678501674
2020-02-11,345.69658951618885,337.948301705888,349.5148010253906
2020-02-12,347.1014865343624,336.45196218729194,350.89247349330356
2020-02-13,348.6354157138772,334.95695303300243,351.8568420410156
2020-02-14,349.9979011880904,334.7492343943369,352.4079110281808
2020-02-17,351.5322085194435,333.49917099271545,353.0967450823103
2020-02-18,352.65928614459244,332.9387297776105,352.95898001534596
2020-02-19,353.65297977853817,331.93490497726737,352.6834455217634
2020-02-20,354.5553439429796,330.7805931758477,351.1680123465402
2020-02-21,353.02763958984985,329.72965154679775,348.6882062639509
2020-02-24,351.42616244724235,327.7250926623206,344.5551975795201
2020-02-25,349.76716661373655,325.8058733294157,340.0088849748884
2020-02-26,348.1015285272989,324.2473789595494,333.1205357142857
2020-02-27,346.64925663217764,322.38425425005386,327.609854561942
2020-02-28,345.28906415761503,320.26738347128946,320.4459751674107
2020-03-02,344.0175263733178,318.3003720271446,313.8331560407366
2020-03-03,337.34631955648456,316.470520854428,309.7001473563058
2020-03-04,331.09662399629724,314.5848607547584,307.4958757672991
2020-03-05,324.98473023541493,311.81356617005804,305.9804382324219
2020-03-06,318.59208901916264,310.09385242415584,305.9804382324219
2020-03-09,312.1553892250616,307.80312813717694,304.18946620396207
2020-03-10,305.38283002835,305.5240351589568,304.87830025809154
2020-03-11,298.8331560482782,303.6780176069656,305.4293692452567
2020-03-12,299.7047905903668,301.8450584031033,299.78092302594865
2020-03-13,299.98418978154115,300.0694404980959,294.9590802873884
2020-03-16,300.0346727397638,297.00090905175654,287.1063668387277
2020-03-17,300.14422984254753,295.9534130951189,281.0446210588728
2020-03-18,300.37228750357514,293.6684734399244,275.94724818638394
2020-03-19,301.08125585939945,292.45329097837646,270.5743321010045
2020-03-20,301.6924536286257,291.4015196752741,271.12540108816967
2020-03-23,301.9074514528435,290.2474387396777,271.9520002092634
2020-03-24,302.8689345583156,290.35841161219,272.64083426339283
2020-03-25,304.011026147807,290.6270283263003,278.97811453683033
2020-03-26,305.7039831602591,291.4050057492055,286.0042288643973
2020-03-27,306.9085760079698,292.04108870839394,292.3415091378348
2020-03-30,307.6144201068373,294.07492715090746,297.3011213030134
2020-03-31,307.6628142555342,295.7823718212142,298.4032549176897
2020-04-01,308.7073310382438,297.2215864776646,302.94956752232144
2020-04-02,308.95252633214176,298.8075509946774,306.66927664620533
2020-04-03,309.52359587809633,300.9220077826772,306.66927664620533
2020-04-07,309.94077343451056,302.12148271077433,307.4958801269531
2020-04-08,310.33358834530765,304.0845290344045,308.7357831682478
2020-04-09,310.6609396602859,305.7889753348315,310.79629952566967
2020-04-10,311.555186419323,307.74246669920103,311.7666582380022
2020-04-13,312.6822783924662,309.4923834664327,313.1413312639509
2020-04-14,314.26745000811934,311.2666320485258,315.0730634416853
2020-04-15,315.2799882458379,313.463342000623,317.41809517996654
2020-04-16,316.36929656894915,314.5540069803896,316.29199654715404
2020-04-17,317.2909878665415,316.49757400018126,316.9958060128348
2020-04-20,318.4579484843774,317.523691781584,317.27733067103793
2020-04-21,319.36705972236683,319.02700056222005,316.57352120535717
2020-04-22,318.4386552852357,320.4850682989633,317.55885532924106
2020-04-23,317.1493067794999,321.4509070139099,317.98114013671875
2020-04-24,316.2288869493024,322.73874872168693,317.98114013671875
2020-04-27,315.0152961764451,323.7104196844939,320.2333330426897
2020-04-28,314.56219922525224,324.9471130691251,321.92247227260043
2020-04-29,314.2112817016595,325.9919136672761,324.4561854771205
2020-04-30,313.9570615536667,327.1533130494702,328.2567574637277
2020-05-05,317.40466721382484,328.3864453287775,329.6643763950893
2020-05-07,321.1694376515701,329.3517992254952,330.50895036969865
2020-05-08,324.73232687271235,330.5791367726384,332.33885410853793
2020-05-11,328.20944057576355,331.6545011199677,333.60570853097096
2020-05-12,331.66505993067886,332.76330926762057,334.0279976981027
2020-05-13,334.86676568713676,333.75832076516025,334.0279976981027
2020-05-14,337.99097180946774,334.756174798149,333.3241882324219
2020-05-15,337.61200755671814,335.8293863216763,333.04266357421875
2020-05-18,337.27406252936987,336.65814268240996,334.02799333844865
2020-05-19,337.3413653757306,337.2086220372408,335.2948521205357
2020-05-20,337.61334795499937,338.0789688760368,336.4209507533482
2020-05-21,337.55251814633647,338.66362791600295,336.98399571010043
2020-05-22,337.37253315999993,339.25907993320703,337.124755859375
2020-05-25,337.19463816753836,339.9223920733389,337.4062805175781
2020-05-26,337.65544076305514,340.6177541613865,338.2508544921875
2020-05-27,337.92969890073607,341.40199670557064,338.5323791503906
2020-05-28,337.7664699329882,341.4421500438831,336.8432355608259
2020-05-29,337.93472463299224,342.2141711285479,336.28018624441967
2020-06-01,338.2298375360861,342.3866567567594,335.57637677873885
2020-06-02,338.8854170727256,342.7731463456751,337.26552036830356
2020-06-04,339.6592232074442,343.1964763483393,339.6584734235491
2020-06-05,341.4552083672176,343.5933058403147,343.3182809012277
2020-06-08,343.19705406416693,345.2672994957408,346.41504342215404
2020-06-09,345.1600260106724,346.9314842395007,351.2009495326451
2020-06-10,346.97438909964995,348.54281225302265,355.28304617745533
2020-06-11,348.9012872634194,350.05001689442645,358.52056884765625
2020-06-12,350.4731886653489,351.855041333673,359.22437831333707
2020-06-15,351.6194532831184,353.4276127471133,358.52056884765625
2020-06-16,351.25641756755334,354.8786419620696,357.5352347237723
2020-06-17,351.1995789354849,356.1279579355882,357.6759948730469
2020-06-18,351.07106048123154,356.7279897535614,356.8314208984375
2020-06-19,350.60087023739385,357.9277994371023,354.86075265066967
2020-06-22,349.8283519328029,358.499492475269,353.73465837751115
2020-06-23,349.51786064038816,359.47388476896776,353.8754185267857
2020-06-24,349.8523271747843,360.22696042701034,353.5938938685826
2020-06-25,350.09661692550736,360.8813120873765,353.5938938685826
2020-06-26,349.97167224989033,362.0001022960631,354.15694318498885
2020-06-29,349.75836014359027,362.8311615433839,354.7199925013951
2020-06-30,349.36130866197135,363.67095040464716,356.1276114327567
2020-07-01,349.07030377469675,364.342198557454,358.3798043387277
2020-07-02,348.7043334794043,365.26477590294235,362.74342564174106
2020-07-03,348.1300388727046,365.85376079127207,367.9516165597098
2020-07-07,353.03053752837866,366.3572849234723,370.62609427315846
2020-07-08,357.7841873210258,367.3290395751402,372.17447335379467
2020-07-09,362.4526145339217,369.12117304397987,374.5674264090402
2020-07-10,367.29022769229636,370.010990529146,376.6788548060826
2020-07-13,372.29292467434914,371.22756107145636,377.9457092285156
2020-07-14,377.38468674117655,372.6145856227335,377.10113525390625
2020-07-15,382.54045799178357,373.2950337785977,376.5380859375
2020-07-16,381.75282903750315,373.94701617845254,377.2418954031808
2020-07-17,381.33391475181446,374.37331280694576,378.0864693777902
2020-07-20,381.2171129285992,375.5596370405848,379.21256365094865
2020-07-21,381.04631986078573,375.95938121357904,380.1978977748326
2020-07-22,380.3564948259033,376.62229799598856,381.042471749442
2020-07-23,379.2954370531553,377.2627601912622,381.6055210658482
2020-07-24,378.39049995523663,377.31465882833356,381.04247610909596
2020-07-29,378.3594149172556,377.4316212260484,380.76095145089283
2020-07-30,378.5644975903864,377.043472289028,379.35333251953125
2020-07-31,378.4776133164808,376.5697500487892,378.2272382463728
2020-08-03,378.5595023193293,376.0867239158727,375.8342851911272
2020-08-04,378.8751560671117,375.57099563908974,373.4413321358817
2020-08-05,379.71632421533087,374.9314424779953,372.17447335379467
2020-08-06,380.4808136506937,374.20695955216485,371.75218418666293
2020-08-07,380.16955723351936,373.6053520749478,370.9076145717076
2020-08-10,379.194401118904,372.8561491910906,371.3298993791853
2020-08-11,378.00544829426144,371.6208381155762,370.34456525530135
2020-08-13,376.9404525239668,370.5186846752791,370.8403756277902
2020-08-14,376.18127856050444,369.57206842594263,370.7584708077567
2020-08-17,374.9939688237093,368.3050219571968,369.98114013671875
2020-08-18,373.7428971255712,367.3748318111861,369.7752380371094
2020-08-19,373.28261954949676,366.5626977897279,368.707999093192
2020-08-20,372.91408812026077,364.9729528448591,366.64285714285717
2020-08-21,373.329601683382,363.33953962951847,365.14285714285717
2020-08-24,373.23466950018974,361.4773326116704,363.7142857142857
2020-08-25,373.1274993009111,360.0240784273423,362.57142857142856
2020-08-26,373.10998940638467,357.96945051744325,360.14285714285717
2020-08-27,373.04799713093405,356.2749242328599,356.7142857142857
2020-08-28,369.67688961644456,354.7344575979683,353.7142857142857
2020-08-29,365.4786495068778,354.3772793111397,
2020-08-30,360.9005682083547,353.9698992510408,
2020-08-31,356.7300438723658,353.5729543261537,
2020-09-01,352.436026084841,353.216067507427,
2020-09-02,348.112120173229,352.74401327276144,
2020-09-03,343.70242644339396,352.35569407219634,
2020-09-04,342.85386392405155,352.00038002689064,
