Date,TVO.BK_forecast,Forcast,Actuals
2020-01-02,,,
2020-01-03,,,
2020-01-06,,,
2020-01-07,,,
2020-01-08,,,
2020-01-09,,,
2020-01-10,25.954652728234745,25.869973116410446,26.273966108049667
2020-01-13,26.03769517773618,25.912589349847703,26.240107945033483
2020-01-14,26.13778390473939,25.950962172837762,26.104675020490372
2020-01-15,26.239514642934388,25.989450797874547,26.070816857474192
2020-01-16,26.350154049780116,26.03082518398985,25.969242095947266
2020-01-17,26.458030684125596,26.077015725376725,25.969242095947266
2020-01-20,26.575259134536697,26.111926153589188,26.003100531441824
2020-01-21,26.698854065652483,26.146732014281845,25.969242368425643
2020-01-22,26.63634604095756,26.191529042233334,25.969242368425643
2020-01-23,26.56871691391113,26.25726830860844,26.10467529296875
2020-01-24,26.508912294883906,26.314652975829066,26.27396638052804
2020-01-27,26.44704840070008,26.368422934012877,26.40939930507115
2020-01-28,26.384148883275508,26.446163483771283,26.44325746808733
2020-01-29,26.314919047944464,26.51332434989908,26.409399032592773
2020-01-30,26.231918127132783,26.570095007013755,26.544831684657506
2020-01-31,26.366534158369323,26.634287797548474,26.74798093523298
2020-02-03,26.47367422753565,26.73375203349729,26.78183909824916
2020-02-04,26.575611866929943,26.8216980707204,26.78183909824916
2020-02-05,26.680154195936492,26.88190282024678,26.883413587297714
2020-02-06,26.800438039691365,26.98299238977302,27.01884651184082
2020-02-07,26.92757936932517,27.08280576025076,27.255854197910853
2020-02-11,27.066940198354406,27.177206681335743,27.323570796421595
2020-02-12,27.14392809265767,27.240213365085925,27.357428686959402
2020-02-13,27.227234270422404,27.283953915409654,27.52671950204032
2020-02-14,27.317683696298957,27.30621037743443,27.66215215410505
2020-02-17,27.414652187482528,27.302892303118046,27.7637266431536
2020-02-18,27.49793998008257,27.327590330310773,27.865301404680526
2020-02-19,27.585232953117547,27.348382631009713,27.899159295218332
2020-02-20,27.66299836264515,27.369942552365387,27.93301718575614
2020-02-21,27.69839806464384,27.34089741140004,27.93301718575614
2020-02-24,27.755336484160463,27.282966357283584,27.797584533691406
2020-02-25,27.809672838671094,27.20911554642296,27.560577392578125
2020-02-26,27.86263039033804,27.129074511228897,27.188137326921737
2020-02-27,27.91652739189354,27.04933011075526,27.08656256539481
2020-02-28,27.97218287354941,26.957392791794888,26.81569698878697
2020-03-02,28.0283430562089,26.86839330162434,26.54483141217913
2020-03-03,27.77204390221434,26.749388982631082,26.27396583557129
2020-03-04,27.510188758824828,26.58203622888775,26.138532911028182
2020-03-05,27.258936351714265,26.389478381900084,26.138532911028182
2020-03-06,26.97952399974776,26.21141934004968,26.27396583557129
2020-03-09,26.70368817266459,25.999930018908653,26.104674748012
2020-03-10,26.419687020711404,25.794763359889576,25.969242095947266
2020-03-11,26.115892393419887,25.592838510032976,25.867667606898717
2020-03-12,26.03160709302149,25.377218339762553,25.630660193307058
2020-03-13,25.95128398498061,25.008767770182878,25.393652779715403
2020-03-16,25.86716568855795,24.687920483750386,24.871694564819336
2020-03-17,25.807268923949128,24.385432358744072,24.321837288992747
2020-03-18,25.725163505818426,23.99656800560325,23.82574680873326
2020-03-19,25.64528323174057,23.645794748085088,23.403332029070175
2020-03-20,25.57830242764914,23.31733952644117,22.947059086390905
2020-03-23,25.108762696842035,22.967326543927523,22.416975293840682
2020-03-24,24.658151401355244,22.68166363532549,21.872941698346818
2020-03-25,24.179387520321104,22.434621357451558,21.635798863002233
2020-03-26,23.69561639263847,22.222643118340873,21.42655508858817
2020-03-27,23.228476589083773,21.98167245412193,21.259160450526647
2020-03-30,22.742453045434793,21.801123236169783,21.11966460091727
2020-03-31,22.25096155707354,21.574142798696336,21.09176526750837
2020-04-01,22.194410614199995,21.432949208791236,21.175462450299943
2020-04-02,22.10177770590553,21.505643943621976,21.328908102852957
2020-04-03,22.028975698419192,21.545561081966476,21.426555361066544
2020-04-07,21.94435943032791,21.578496826023986,21.64974866594587
2020-04-08,21.860785294262996,21.682137281307067,21.90084103175572
2020-04-09,21.779655144613848,21.79786241473098,22.20773151942662
2020-04-10,21.707809133861495,21.854235758480122,22.38907596043178
2020-04-13,21.89895294491892,21.981178350986003,22.695966993059432
2020-04-14,22.10633746737668,22.13742383043063,23.044706344604492
2020-04-15,22.31803994168568,22.28855911246639,23.33764730181013
2020-04-16,22.54195616994618,22.43413092714174,23.407395226614817
2020-04-17,22.761199182156926,22.622004408500562,23.43529428754534
2020-04-20,22.99466250351409,22.77174509685796,23.421344757080078
2020-04-21,23.228855299375734,22.912409367706207,23.421344757080078
2020-04-22,23.229248873834166,23.077643116833375,23.491092409406388
2020-04-23,23.23410317060641,23.17932768418924,23.505041939871653
2020-04-24,23.23645166107986,23.3062992272068,23.532941000802175
2020-04-27,23.24131079239439,23.425386076763207,23.64453751700265
2020-04-28,23.2471577215045,23.549369235619796,23.7282349722726
2020-04-29,23.256812186443955,23.64532052141987,23.83983176095145
2020-04-30,23.27283651761889,23.76057531705326,23.93747874668666
2020-05-05,23.37952017673854,23.877935506241357,23.881680624825613
2020-05-07,23.475724420511774,23.907815242927775,23.742184775216238
2020-05-08,23.557934572026618,23.97926532180483,23.644537789481028
2020-05-11,23.64019210918067,24.047578591136404,23.58873966761998
2020-05-12,23.722437947132526,24.094137711425724,23.60268919808524
2020-05-13,23.8140537749978,24.126551266030003,23.5887393951416
2020-05-14,23.906694527370913,24.18746984011305,23.57478986467634
2020-05-15,23.880302709762905,24.24563185017717,23.616638456072128
2020-05-18,23.865321945052155,24.322028577676953,23.784033366612025
2020-05-19,23.859510366015943,24.39479115176641,24.056050164358957
2020-05-20,23.848473917824688,24.46904424511024,24.33504159109933
2020-05-21,23.839772464081648,24.535265731948567,24.488486971173966
2020-05-22,23.823306840872096,24.6084236749662,24.62798282078334
2020-05-25,23.807391155279305,24.692842934930518,24.816302163260325
2020-05-26,24.00901914277814,24.76900373736496,25.24873924255371
2020-05-27,24.21258389468657,24.91031939472603,25.562604904174805
2020-05-28,24.425035513262944,25.024223454545773,25.70210075378418
2020-05-29,24.64666164806932,25.13784967587282,25.771848678588867
2020-06-01,24.87937299143411,25.253764283914222,25.911344528198242
2020-06-02,25.11581062427366,25.385612907907042,26.15546226501465
2020-06-04,25.353715539831068,25.524168112374475,26.4344539642334
2020-06-05,25.62585053132343,25.637010077303,26.469327926635742
2020-06-08,25.87874072482598,25.725805617600212,26.504201889038086
2020-06-09,26.123604953174464,25.813727889477917,26.573949813842773
2020-06-10,26.37022072262139,25.90123318756798,26.748319625854492
2020-06-11,26.623419156335267,25.975304800092317,26.92268943786621
2020-06-12,26.88258928883807,26.052414704002988,26.92268943786621
2020-06-15,27.140945346028435,26.150155304263816,26.887815475463867
2020-06-16,27.11553957080264,26.2217652591009,26.852941513061523
2020-06-17,27.10813909101245,26.218276074297567,26.81806755065918
2020-06-18,27.103884693516324,26.238243501462197,26.852941513061523
2020-06-19,27.08971575478168,26.26571710495018,26.71344566345215
2020-06-22,27.04926284236095,26.26502272476703,26.53907585144043
2020-06-23,26.99453284721921,26.24927126987808,26.53907585144043
2020-06-24,26.9319303797169,26.25776759691064,26.4344539642334
2020-06-25,26.817734166801262,26.263577143620335,26.26008415222168
2020-06-26,26.6960870518466,26.24635720643366,26.08571434020996
2020-06-29,26.579087404952723,26.238420661309796,25.8764705657959
2020-06-30,26.47424393444837,26.24549495649248,25.80672264099121
2020-07-01,26.37469224857295,26.23751520164969,25.911344528198242
2020-07-02,26.281833602224527,26.21101424893474,25.911344528198242
2020-07-03,26.191581239733498,26.19001951070263,26.15546226501465
2020-07-07,26.43832123309667,26.197256706525668,26.36470603942871
2020-07-08,26.67758424581365,26.33917233083403,26.608823776245117
2020-07-09,26.908926329256218,26.443193031643666,26.92268943786621
2020-07-10,27.116278784493478,26.548243420055325,27.236555099487305
2020-07-13,27.32460787503146,26.69358643926896,27.37605094909668
2020-07-14,27.526233692372397,26.84295185121748,27.445798873901367
2020-07-15,27.73278276675171,26.966566863268813,27.445798873901367
2020-07-16,27.73973681732787,27.107137152978396,27.48067283630371
2020-07-17,27.755708134150407,27.228615876525993,27.65504264831543
2020-07-20,27.7732087680776,27.353778444660687,27.689916610717773
2020-07-21,27.803190000119724,27.44177114838024,27.689916610717773
2020-07-22,27.846734168320648,27.578559291392168,27.689916610717773
2020-07-23,27.89058199690885,27.71551832884245,27.82941246032715
2020-07-24,27.935466916074397,27.848537504120994,27.82941246032715
2020-07-29,27.920827098875435,27.944329346058225,27.968908309936523
2020-07-30,27.91175500697968,28.014273134133497,27.93403434753418
2020-07-31,27.90225751952457,28.069648549424027,28.03865623474121
2020-08-03,27.898850546709518,28.07726080560735,28.213025774274552
2020-08-04,27.878535152372162,28.120999411493727,28.352521623883927
2020-08-05,27.87314558190391,28.160883710451845,28.422269548688615
2020-08-06,27.861655492312803,28.214813112498494,28.561765125819615
2020-08-07,28.019765884386352,28.186929880875084,28.42226927621024
2020-08-10,28.1554830730049,28.127581547977833,28.387395313807897
2020-08-11,28.28747946499965,28.052066946889937,28.14327757699149
2020-08-13,28.414574215726713,27.968113703744248,27.72479030064174
2020-08-14,28.555469974012947,27.88596446636375,27.480672563825333
2020-08-17,28.69226323230502,27.78489088443351,27.201680864606583
2020-08-18,28.832388866574554,27.688221885202065,26.92268943786621
2020-08-19,28.545970713886216,27.55591847891754,26.81806755065918
2020-08-20,28.284338713638924,27.436458297389606,26.573949813842773
2020-08-21,28.03046287018179,27.26437515966677,26.53907585144043
2020-08-24,27.77655550146788,27.11552999273413,26.608823776245117
2020-08-25,27.506662007791082,26.94841813317381,26.573949813842773
2020-08-26,27.227666225474337,26.778909430504626,26.678571701049805
2020-08-27,26.939190173134175,26.598240737679646,26.783193588256836
2020-08-28,27.043968188789705,26.415448719266607,26.748319625854492
2020-08-29,26.978734967205067,26.404788017413008,
2020-08-30,26.9193273728419,26.382463500080924,
2020-08-31,26.855659335425717,26.364593904770185,
2020-09-01,26.79934123897291,26.345035673643793,
2020-09-02,26.73421303670511,26.328261876805037,
2020-09-03,26.678573725016346,26.308115345355453,
2020-09-04,26.526254483950307,26.28837909018708,
